28
83
11
17
96
34
62
40
14
12
82
11
56
38
55
46
29
58
47
48
5
13
25
85
97
70
30
13
76
27
20
77
85
63
97
48
55
5
35
46
95
20
79
41
51
3
45
20
92
72
34
12
64
19
66
29
19
53
38
5
56
70
66
22
30
33
8
37
77
6
26
69
51
41
90
76
53
5
28
30
75
4
19
12
88
75
24
60
62
17
2
55
67
74
22
36
35
81
21
6
89
89
3
92
35
18
20
46
17
38
58
78
96
66
21
51
47
35
26
53
71
22
94
74
67
66
59
17
62
31
31
53
1
42
11
7
78
65
72
41
48
5
69
42
12
36
29
40
27
23
82
39
61
50
5
27
1
57
39
43
39
30
93
12
27
93
80
97
52
7
82
4
88
64
35
14
67
8
1
2
22
49
66
76
44
4
97
68
34
8
43
50
11
39
67
40
25
77
23
18
41
66
5
27
91
77
60
92
40
20
96
86
96
87
80
82
2
62
62
28
95
62
70
27
40
28
4
23
90
26
10
36
74
49
67
61
49
83
34
2
31
44
27
50
4
54
3
41
57
51
71
65
13
48
74
94
73
82
19
31
55
58
82
6
33
86
50
79
31
88
67
52
10
58
21
33
27
57
7
23
99
1
64
65
70
71
25
35
14
59
44
40
29
27
1
58
75
78
73
56
29
95
33
46
23
99
24
61
7
83
51
60
2
69
70
89
47
71
81
4
57
48
58
61
27
47
26
7
12
40
90
16
48
46
10
94
2
14
98
95
93
21
24
78
44
84
32
66
23
9
76
50
96
80
69
54
19
19
52
55
32
62
37
53
71
40
46
63
38
24
2
28
82
80
62
9
1
78
36
9
46
44
27
1
47
75
17
64
2
20
67
43
44
68
18
69
48
42
6
95
3
3
43
15
1
83
88
40
28
46
46
37
83
52
83
56
53
24
32
40
14
32
49
82
77
79
35
74
4
4
66
50
65
95
15
36
65
23
21
50
13
8
52
83
40
34
59
13
29
66
78
48
77
97
73
30
6
34
52
33
96
26
76
19
95
39
35
84
15
19
41
18
43
60
5
72
36
29
31
36
58
47
69
46
63
41
62
21
65
72
81
32
25
70
40
80
97
82
88
84
5
49
92
83
64
44
51
6
34
60
98
52
14
7
96
51
85
45
30
74
18
25
83
71
15
26
59
49
60
34
44
22
85
29
42
61
82
91
10
97
11
49
97
34
21
74
22
19
38
52
49
43
9
67
38
1
11
19
36
92
63
48
43
73
21
67
28
71
75
49
31
85
57
60
49
47
77
81
47
2
3
39
45
4
94
59
48
77
89
6
40
21
59
76
2
60
73
98
75
70
87
40
24
88
28
48
79
10
89
63
12
60
18
64
55
57
1
21
30
91
62
55
64
79
66
61
24
98
57
98
17
76
62
11
31
75
95
16
22
87
40
49
21
44
2
18
82
69
81
29
9
42
84
15
43
63
35
97
79
74
9
79
68
21
76
96
32
43
77
89
21
89
82
95
61
39
71
9
51
88
75
30
65
78
78
84
27
50
22
75
20
1
81
17
19
56
65
14
32
56
62
68
58
49
7
16
35
45
76
17
67
86
22
23
87
22
32
62
81
35
36
41
21
71
64
58
62
36
46
75
50
2
40
48
24
68
9
7
58
62
24
13
65
37
51
53
74
64
12
6
11
25
18
53
30
20
91
7
5
3
35
73
89
58
58
81
15
63
13
35
94
16
81
80
47
91
4
61
88
41
86
99
25
47
66
80
58
12
31
80
68
1
16
63
59
94
51
28
25
53
32
86
51
93
53
68
41
31
3
82
26
20
6
80
65
82
68
46
40
62
46
48
12
23
55
21
28
97
30
98
33
4
36
63
1
8
37
37
38
7
94
37
74
24
46
60
28
50
11
62
16
5
13
76
17
35
46
57
35
69
79
78
21
29
22
70
68
37
91
1
96
62
97
68
78
6
16
79
36
30
76
23
36
32
81
52
72
89
4
2
80
71
89
65
85
1
7
70
90
53
56
67
24
20
35
88
21
61
54
64
96
43
88
37
7
54
68
94
48
27
2
12
97
56
38
91
99
10
2
64
89
77
9
31
55
52
11
55
30
81
35
23
75
70
83
3
94
95
73
15
29
66
76
26
53
13
3
84
50
22
54
75
55
79
61
25
6
26
59
45
9
39
10
46
46
92
84
32
72
7
69
98
47
73
23
48
27
21
51
11
73
40
13
66
17
85
53
76
80
45
76
2
62
81
78
45
44
14
29
12
18
37
95
56
98
55
54
67
50
10
79
98
74
30
41
5
93
21
37
1
39
75
49
93
49
30
29
32
10
25
67
43
42
56
93
79
77
66
11
69
99
26
74
22
25
28
40
4
47
28
45
96
63
88
3
96
83
7
58
7
44
89
44
45
25
79
14
27
53
30
48
6
56
66
62
9
93
74
74
89
90
43
93
67
86
2
92
38
84
69
70
28
93
21
74
95
77
22
17
39
63
49
68
42
28
11
53
14
18
11
76
40
74
4
28
13
88
27
1
37
62
37
67
38
70
29
7
64
2
74
92
68
25
28
99
37
24
94
76
51
24
23
10
82
65
55
22
49
78
67
99
16
53
27
53
71
39
52
87
98
11
44
78
71
61
3
34
80
83
82
35
93
16
7
21
19
38
1
1
63
10
8
72
36
12
87
44
88
56
87
20
80
11
87
68
96
54
80
51
14
71
21
48
14
91
50
34
99
25
9
18
40
80
1
8
25
94
76
47
38
45
16
86
5
23
99
97
27
49
77
3
32
59
43
56
5
33
78
63
16
55
11
57
21
90
70
18
80
10
31
93
73
73
13
90
58
48
20
28
28
98
31
83
22
84
80
14
89
42
92
58
8
45
39
96
25
29
85
78
15
45
83
66
53
48
44
6
31
6
91
91
95
11
41
38
39
46
68
12
19
11
87
95
42
80
3
20
45
19
29
2
74
55
42
72
69
52
27
7
41
61
63
90
78
58
47
30
3
6
70
10
75
64
46
84
35
25
7
93
26
48
56
94
14
84
75
77
53
29
79
21
83
41
85
1
19
2
29
35
63
60
44
14
60
26
30
74
91
37
31
90
87
96
17
42
6
98
2
85
64
27
63
39
60
64
61
86
31
47
59
54
33
58
43
23
70
62
80
21
5
86
47
32
39
84
73
79
51
98
45
25
47
16
34
73
41
54
44
80
1
94
79
5
17
63
56
38
65
46
23
65
1
54
70
26
21
46
85
73
62
5
41
32
5
11
87
34
4
16
10
31
69
47
74
41
20
25
21
33
92
37
6
9
67
13
11
42
82
4
53
35
44
32
3
32
31
14
75
91
47
54
27
3
90
16
18
69
59
69
45
45
81
76
16
81
96
71
32
43
3
54
87
22
14
12
71
1
9
98
8
31
19
95
80
93
93
39
14
92
93
32
43
79
80
24
40
62
7
50
44
96
44
41
98
48
63
7
25
20
11
73
47
7
67
64
23
83
69
43
19
82
84
73
68
12
88
2
8
69
21
69
1
85
8
62
53
41
84
78
9
45
33
16
2
36
92
96
66
92
31
68
6
65
18
47
25
66
80
95
37
59
99
5
17
89
43
7
72
72
7
39
98
72
80
47
93
60
6
28
10
64
61
75
72
37
48
85
80
92
26
22
17
43
29
88
13
36
77
18
40
8
61
1
16
19
26
60
73
37
51
14
5
97
77
64
50
4
60
3
84
18
13
30
72
21
83
8
7
76
70
63
39
36
65
15
73
91
76
78
52
87
27
51
24
80
26
31
64
17
48
18
24
84
55
79
36
50
61
64
28
73
21
20
92
27
48
78
98
89
57
14
66
53
68
28
4
31
32
25
36
28
37
74
74
33
23
54
89
61
87
98
82
86
8
85
11
42
89
3
8
16
60
25
37
49
60
27
8
70
97
27
43
36
95
68
91
84
24
19
91
64
67
8
14
57
26
72
27
82
36
56
72
46
41
69
42
31
51
67
80
71
49
75
82
29
86
53
97
91
28
13
77
34
42
17
80
55
31
47
88
31
59
94
61
96
52
48
48
97
52
52
90
47
10
80
61
57
38
49
37
60
34
3
54
65
78
31
59
13
32
18
10
43
10
89
83
21
50
11
34
84
29
48
83
92
81
13
58
63
9
25
63
96
74
66
40
99
93
24
98
69